$ANSIBLE_VAULT;1.1;AES256
38363834393038343666373263313765663866373765633837356439326334396631323231316431
3965303461313461353639373636643433656261326334370a356664616666323636646635373939
33653533383966333935363630633931323030303764643035376132653739623333313039353430
3065663461323533360a366339393634313863336463343633623933636435373163306535396564
31386132326634393939336532656432366261383536633534656263393130623630633965323435
61646365303964303738346361343234353833316562336162363736306433383365666261653934
61306562633561636531306237623938353961386262653432363631386361626564326630303533
34623936653939633138643637623233326238343963336534323231313437353235316536643633
39663265383434376361663732356237303930383430313665633033383964336463643365306233
66353733366630376431376135353538656566366564623963356530353436363534356335656365
64303334323966623138623635396539316633643433346138623466633166613833663331383233
38633863306632643863333166666530336462316537666137656336363561666435386265323665
37316137626332363466336264373863653535643538373136363437356464336439313832623366
33336636653762633636623262636463303062393061663134366635383862373938326633356330
31313232666134306139373135353863333962333537383163633137343738646666383664323934
39356561613734613963353132623961626531613066333136366534303035643837336564663936
33376237336234363064383764336236326634666331663065643764646235316634663030383961
36616338613765366330666564643363336337653037653435396538306630643534626431333565
62326462636566383231356636363539313430373934363063303335353936393935336534386633
30306431303832353939643635396462316336393933633436353132386536653964656535313638
33393034366664383932616139313630333737393166636233323965316139326138373064376531
38316332343935653737626663366333313363373137333038646561653137316239303638373136
38383563303736353133663837353932393838373933383434636566633836656634636237396534
65366539636666393463386338333433333764616461613734366365366535363863306564306363
6132
